5 0.196883 0.485738 0.033141 0.151850
5 0.210648 0.450703 0.017328 0.095550
5 0.220875 0.432740 0.015063 0.076628
0 0.458789 0.507178 0.359828 0.939321
0 0.266172 0.192506 0.163125 0.327026
0 0.069508 0.348677 0.139016 0.611920
0 0.719273 0.609520 0.561453 0.780960
0 0.869586 0.278173 0.093766 0.182482
0 0.935961 0.429742 0.128078 0.331522
2 0.807492 0.202681 0.035828 0.051452
2 0.920852 0.549614 0.049484 0.037775
0 0.895922 0.172927 0.037969 0.073583
0 0.686062 0.115691 0.057000 0.134052
0 0.564484 0.209578 0.079687 0.195738
0 0.750023 0.189742 0.095766 0.131148
0 0.931227 0.258419 0.069547 0.172295
0 0.810031 0.152307 0.037656 0.070984
2 0.984570 0.245937 0.030734 0.049906
0 0.858125 0.205070 0.068187 0.091499
0 0.644531 0.172131 0.707812 0.339578
