0 0.522290 0.812805 0.021060 0.180439
0 0.117320 0.811805 0.023280 0.084780
0 0.122280 0.796610 0.012640 0.119463
0 0.157650 0.798732 0.016620 0.110829
0 0.318430 0.768146 0.011180 0.082244
0 0.282420 0.774585 0.012720 0.048488
0 0.200140 0.766878 0.008280 0.063317
0 0.241070 0.770244 0.008300 0.057951
0 0.303200 0.760073 0.006160 0.048341
0 0.579410 0.787610 0.022020 0.040293
0 0.134130 0.762537 0.009420 0.093561
0 0.349530 0.776829 0.011580 0.092780
0 0.323960 0.750927 0.008640 0.043220
0 0.425000 0.773171 0.598000 0.131707
