5 0.429703 0.668302 0.024969 0.083255
5 0.445133 0.766768 0.026891 0.102717
5 0.417570 0.770831 0.023859 0.056464
5 0.417984 0.790410 0.021500 0.041616
2 0.783328 0.889005 0.250312 0.221991
2 0.951898 0.771780 0.096203 0.402529
2 0.783906 0.841417 0.173187 0.270890
0 0.458680 0.540773 0.142266 0.262155
0 0.709242 0.719262 0.253234 0.558946
0 0.347273 0.610059 0.152328 0.309859
0 0.269805 0.641639 0.206859 0.307728
0 0.156680 0.730340 0.304359 0.485410
0 0.659680 0.596007 0.099203 0.208923
0 0.567906 0.544742 0.111688 0.261148
