0 0.581180 0.475711 0.160109 0.289234
0 0.715695 0.505252 0.114359 0.165514
0 0.822008 0.228392 0.034172 0.062735
0 0.887945 0.255328 0.042484 0.077659
0 0.377742 0.280186 0.032828 0.045011
0 0.556297 0.154737 0.047188 0.085361
0 0.814063 0.486193 0.088719 0.231335
0 0.374289 0.190886 0.044359 0.079847
0 0.136844 0.245120 0.047719 0.076061
0 0.483711 0.341225 0.048984 0.218731
0 0.813797 0.351783 0.060406 0.120416
0 0.323672 0.140252 0.046062 0.128337
2 0.827383 0.396980 0.010078 0.063720
0 0.905102 0.290908 0.040797 0.036346
2 0.795734 0.180492 0.040844 0.036783
2 0.813586 0.162713 0.040797 0.066783
0 0.500000 0.213348 0.996875 0.326039
