0 0.152289 0.259448 0.051766 0.115604
0 0.109656 0.267542 0.028625 0.106708
0 0.043672 0.254042 0.052125 0.131417
0 0.141437 0.304802 0.024563 0.053937
0 0.251758 0.253000 0.046422 0.183458
0 0.277938 0.250969 0.038594 0.073563
0 0.323336 0.226958 0.047641 0.143250
0 0.563617 0.325562 0.071047 0.087792
0 0.272297 0.305292 0.046594 0.072917
2 0.679063 0.334385 0.051438 0.083896
0 0.317523 0.295667 0.043703 0.048375
2 0.464031 0.309271 0.032844 0.072333
2 0.202359 0.321375 0.019688 0.031667
0 0.377883 0.255510 0.045391 0.130438
2 0.511141 0.314385 0.041438 0.067479
0 0.485469 0.277208 0.039375 0.142083
