0 0.445344 0.712161 0.010031 0.036332
0 0.800633 0.783657 0.017297 0.052079
0 0.516070 0.737582 0.008797 0.045023
0 0.391266 0.715806 0.007406 0.034930
0 0.118039 0.706203 0.010734 0.035070
0 0.127977 0.704404 0.008953 0.040631
0 0.849156 0.679369 0.004812 0.013505
0 0.191430 0.680607 0.008141 0.017430
0 0.375109 0.699463 0.004500 0.009252
0 0.606445 0.743715 0.037047 0.027009
0 0.603906 0.652664 0.004219 0.009206
0 0.314641 0.674778 0.002531 0.003621
0 0.513352 0.690713 0.002703 0.005818
0 0.282031 0.688084 0.257812 0.105140
