0 0.567056 0.277203 0.141028 0.332656
0 0.336986 0.239953 0.107383 0.225687
0 0.189346 0.183117 0.134439 0.136016
0 0.672453 0.243141 0.063598 0.045062
0 0.409241 0.237367 0.039790 0.031453
0 0.433119 0.237008 0.032360 0.025203
0 0.029416 0.188523 0.058832 0.041734
2 0.650654 0.367898 0.094112 0.128859
2 0.710841 0.290578 0.073224 0.014500
2 0.732687 0.365914 0.070888 0.128109
2 0.479100 0.272062 0.050257 0.032313
2 0.767173 0.292922 0.024720 0.015406
2 0.954065 0.355078 0.090654 0.119562
0 0.636425 0.244195 0.021729 0.024141
0 0.852418 0.267664 0.273481 0.534984
