0 0.547594 0.611268 0.159781 0.267277
0 0.907742 0.076573 0.028484 0.078826
0 0.805758 0.654495 0.087328 0.262793
0 0.118828 0.096021 0.061469 0.156690
0 0.849203 0.125833 0.064719 0.134624
0 0.968727 0.084131 0.040047 0.087512
0 0.513906 0.192500 0.050719 0.124577
2 0.893406 0.141690 0.049250 0.066009
2 0.926609 0.166303 0.044688 0.090305
2 0.965961 0.167406 0.040609 0.095376
2 0.990555 0.180669 0.018891 0.081667
0 0.647148 0.191420 0.062266 0.165751
0 0.932359 0.079589 0.045656 0.095047
0 0.448594 0.152923 0.074594 0.159319
0 0.978320 0.036385 0.043359 0.072770
0 0.274141 0.118251 0.071844 0.166549
0 0.728187 0.687782 0.134125 0.213779
0 0.592187 0.092723 0.812500 0.185446
