0 0.339602 0.752813 0.234266 0.471917
0 0.136516 0.742698 0.195500 0.487646
0 0.241117 0.594135 0.052203 0.225687
0 0.588547 0.589302 0.044750 0.178021
0 0.993156 0.491708 0.013688 0.075375
0 0.766203 0.563667 0.057906 0.211417
0 0.837211 0.555531 0.032734 0.191187
0 0.405586 0.606667 0.033891 0.156167
0 0.017422 0.604344 0.034844 0.224396
0 0.529898 0.570271 0.062359 0.236708
0 0.653984 0.501583 0.016938 0.090333
0 0.366016 0.614521 0.040969 0.145167
0 0.969836 0.512448 0.023141 0.109687
0 0.501563 0.571875 0.987500 0.264583
