2 0.904859 0.683565 0.077781 0.184682
2 0.024430 0.681506 0.048422 0.103906
2 0.963984 0.700529 0.066281 0.224965
0 0.461859 0.613482 0.335750 0.674165
0 0.748375 0.602247 0.243250 0.512353
0 0.313937 0.531118 0.096406 0.268965
0 0.166133 0.628141 0.329172 0.525129
0 0.888195 0.491729 0.145578 0.186753
0 0.188094 0.481235 0.036344 0.101106
0 0.650383 0.519412 0.088047 0.273600
2 0.334844 0.724294 0.031563 0.138894
0 0.357750 0.442165 0.063250 0.114400
2 0.947828 0.552624 0.056406 0.022282
0 0.601914 0.494553 0.079766 0.165529
0 0.091000 0.535400 0.149219 0.271600
