0 0.549104 0.603227 0.329750 0.772047
0 0.080490 0.411016 0.071563 0.201656
0 0.042604 0.374055 0.020708 0.077672
0 0.658667 0.371719 0.043000 0.032750
0 0.027802 0.345648 0.030729 0.056453
5 0.097792 0.647031 0.047167 0.156469
5 0.162688 0.648352 0.054042 0.161109
5 0.194094 0.634578 0.038563 0.151313
5 0.245281 0.658687 0.048438 0.155313
5 0.307021 0.648992 0.046917 0.156859
5 0.069083 0.629719 0.033792 0.153562
5 0.126292 0.572344 0.028417 0.073625
5 0.201667 0.573523 0.031667 0.071703
5 0.128479 0.633031 0.041625 0.154188
5 0.277667 0.638117 0.030417 0.132297
5 0.173719 0.566461 0.017896 0.058172
5 0.240792 0.552797 0.015958 0.024281
5 0.246854 0.579023 0.028125 0.027266
0 0.429021 0.420687 0.189208 0.284719
0 0.027969 0.433984 0.052771 0.232906
5 0.564583 0.518750 0.716667 0.365625
