0 0.587680 0.606906 0.014953 0.052813
0 0.874523 0.668167 0.022016 0.090000
0 0.924789 0.666667 0.024578 0.091958
0 0.888047 0.782865 0.039906 0.156646
0 0.523336 0.867833 0.057703 0.262917
0 0.949703 0.672687 0.031094 0.104833
0 0.290305 0.891073 0.059422 0.209312
0 0.407648 0.878573 0.036578 0.176813
0 0.361977 0.900104 0.041016 0.165833
0 0.578734 0.617677 0.018031 0.068854
0 0.450594 0.913323 0.075750 0.173354
0 0.055555 0.916760 0.098484 0.166479
3 0.113773 0.884760 0.030078 0.038146
3 0.358133 0.843271 0.038172 0.053917
3 0.203609 0.871510 0.035906 0.054938
3 0.024188 0.899479 0.043375 0.124542
3 0.286188 0.840552 0.034625 0.069604
3 0.174930 0.865969 0.017359 0.050937
3 0.564641 0.812885 0.031688 0.052937
0 0.115906 0.925979 0.064281 0.122083
0 0.368750 0.770833 0.446875 0.454167
