7 0.699789 0.465986 0.159484 0.135775
7 0.805023 0.459660 0.070047 0.068662
0 0.574164 0.670469 0.113484 0.425493
0 0.606898 0.501338 0.064859 0.205211
0 0.842695 0.458357 0.048703 0.113803
0 0.925453 0.427136 0.039031 0.041033
0 0.264000 0.483498 0.043281 0.098357
0 0.803945 0.541068 0.054484 0.148709
0 0.393578 0.477406 0.034937 0.109930
0 0.672687 0.543216 0.055000 0.137183
0 0.879141 0.478908 0.044938 0.150352
0 0.942805 0.552394 0.038578 0.129765
0 0.975789 0.554648 0.036359 0.135681
0 0.417242 0.476467 0.023734 0.072840
0 0.898992 0.557289 0.063047 0.228803
0 0.303125 0.480047 0.043750 0.110329
