2 0.374672 0.538427 0.132094 0.268604
0 0.582187 0.499917 0.286406 0.333083
0 0.862852 0.555833 0.274297 0.466292
0 0.151680 0.552813 0.289891 0.543833
5 0.615117 0.962406 0.040359 0.075188
2 0.787703 0.486802 0.103344 0.210104
2 0.669672 0.464938 0.086344 0.184708
2 0.441906 0.418771 0.059437 0.111500
2 0.467758 0.377313 0.052516 0.096708
2 0.272945 0.372729 0.057484 0.049458
2 0.328320 0.380344 0.072609 0.029687
2 0.842203 0.359604 0.054594 0.029792
2 0.729117 0.449896 0.063641 0.229083
2 0.346086 0.360646 0.049578 0.044625
0 0.029359 0.399229 0.058719 0.241042
2 0.453359 0.496583 0.109844 0.232875
2 0.387203 0.365740 0.033844 0.046729
2 0.642492 0.330656 0.025922 0.026521
2 0.355469 0.426042 0.617188 0.239583
