2 0.107813 0.508167 0.080469 0.155000
2 0.065391 0.494208 0.065219 0.145167
2 0.209844 0.449521 0.049812 0.097417
0 0.919961 0.442042 0.143047 0.588833
0 0.758328 0.369292 0.116000 0.356083
0 0.702078 0.242604 0.069437 0.133958
0 0.562664 0.272740 0.061953 0.092271
0 0.529398 0.265250 0.026297 0.076208
0 0.621164 0.276208 0.039141 0.069583
0 0.585859 0.277531 0.030312 0.070938
0 0.361516 0.284271 0.315156 0.501125
0 0.507937 0.276438 0.069594 0.081583
0 0.531133 0.271188 0.026297 0.073250
0 0.833016 0.338625 0.086156 0.310333
0 0.845398 0.371354 0.062984 0.296458
