0 0.356836 0.618166 0.051484 0.185210
0 0.383008 0.613096 0.022766 0.131285
0 0.324102 0.656589 0.028109 0.100888
0 0.300719 0.614965 0.014125 0.046706
0 0.022750 0.602056 0.016094 0.084673
0 0.284469 0.598271 0.020719 0.085187
0 0.260641 0.585572 0.011531 0.057126
0 0.221570 0.595643 0.019047 0.080771
0 0.504586 0.571262 0.026766 0.047243
0 0.239992 0.593902 0.014797 0.066869
0 0.269430 0.591834 0.013266 0.061799
0 0.520570 0.585678 0.023859 0.057991
0 0.149703 0.578633 0.007531 0.034790
0 0.402344 0.585280 0.748437 0.119159
