0 0.906461 0.378042 0.049328 0.132417
0 0.796047 0.347361 0.038844 0.077444
0 0.663062 0.299028 0.052906 0.087389
0 0.553094 0.325417 0.091781 0.188000
0 0.106844 0.299444 0.084031 0.217944
0 0.174633 0.382194 0.120016 0.324111
0 0.231625 0.319958 0.052625 0.190361
0 0.240695 0.286347 0.026922 0.152917
0 0.277883 0.310181 0.059203 0.136083
0 0.325141 0.317042 0.048406 0.144361
0 0.083203 0.269944 0.033000 0.126500
0 0.095047 0.186875 0.028906 0.070861
0 0.878891 0.370597 0.026750 0.049361
0 0.449219 0.263889 0.898438 0.361111
