0 0.216578 0.426969 0.150000 0.386521
0 0.207766 0.631760 0.412156 0.716229
0 0.747477 0.633708 0.433141 0.732583
0 0.662469 0.380365 0.151625 0.338479
2 0.900633 0.616292 0.198516 0.732250
2 0.022398 0.387667 0.041141 0.191250
2 0.587828 0.371448 0.026719 0.089063
2 0.417930 0.322948 0.022891 0.065313
2 0.705063 0.336187 0.036469 0.044083
2 0.522680 0.373240 0.047984 0.083937
2 0.440859 0.326406 0.025844 0.040104
2 0.502570 0.312948 0.023984 0.021313
2 0.496734 0.279031 0.038562 0.029979
2 0.587289 0.321427 0.055797 0.072646
2 0.153289 0.698948 0.306578 0.602104
2 0.339063 0.339583 0.112500 0.287500
