0 0.431000 0.567125 0.068562 0.226417
0 0.551438 0.526292 0.050875 0.178333
0 0.612625 0.510062 0.044531 0.119375
0 0.709586 0.521125 0.054328 0.148750
0 0.387664 0.500635 0.017891 0.066521
0 0.643250 0.474083 0.017625 0.072958
0 0.273992 0.525687 0.029359 0.055750
0 0.050172 0.548198 0.047656 0.128854
0 0.170391 0.539563 0.029687 0.044042
0 0.317117 0.507896 0.024672 0.074208
0 0.233930 0.513219 0.025641 0.086396
0 0.669320 0.489031 0.021766 0.107771
0 0.353953 0.502708 0.023031 0.087000
0 0.719531 0.460417 0.507812 0.116667
