2 0.911062 0.337974 0.126281 0.163068
2 0.159211 0.382822 0.051859 0.177307
2 0.122367 0.247400 0.034047 0.041452
2 0.133664 0.065878 0.031359 0.063888
2 0.099484 0.202810 0.046375 0.051569
2 0.217008 0.075738 0.028203 0.078361
2 0.333523 0.072916 0.020453 0.038337
2 0.392680 0.051674 0.019859 0.046628
2 0.838187 0.095820 0.065875 0.187799
0 0.658977 0.058665 0.076266 0.107119
0 0.746023 0.141569 0.089547 0.196206
0 0.243125 0.182307 0.096469 0.141897
0 0.067781 0.206803 0.088781 0.159321
0 0.738164 0.176557 0.066391 0.130913
0 0.669172 0.187260 0.064125 0.144169
0 0.254148 0.229766 0.042422 0.068759
0 0.209719 0.329087 0.107844 0.208384
0 0.167836 0.206382 0.056078 0.128126
0 0.582961 0.181674 0.063547 0.120913
0 0.432977 0.622307 0.181672 0.545550
0 0.522703 0.065293 0.067625 0.109742
2 0.558680 0.063700 0.021547 0.044403
2 0.821258 0.198115 0.071297 0.089204
0 0.935523 0.168841 0.062297 0.132155
2 0.520727 0.177283 0.046766 0.040703
2 0.159008 0.125550 0.010953 0.017892
0 0.502344 0.139344 0.992188 0.278689
