4 0.251703 0.668917 0.037625 0.062389
4 0.161813 0.733833 0.064250 0.116167
4 0.673266 0.612764 0.028094 0.042361
0 0.577398 0.711222 0.088422 0.296833
0 0.783906 0.604667 0.057594 0.138167
0 0.837625 0.594347 0.046500 0.130472
0 0.879070 0.564111 0.033328 0.054500
0 0.199297 0.780528 0.108937 0.308111
0 0.225672 0.605694 0.058688 0.082278
0 0.226789 0.521750 0.023891 0.084944
0 0.719227 0.600278 0.055234 0.115500
0 0.607086 0.543583 0.035484 0.074833
0 0.746180 0.527653 0.029047 0.049583
2 0.090875 0.679153 0.058219 0.068417
2 0.404320 0.871694 0.082516 0.256611
2 0.470586 0.841528 0.071797 0.267333
2 0.518172 0.786028 0.048375 0.194222
2 0.652141 0.859306 0.113563 0.281389
2 0.695594 0.739861 0.075875 0.174222
2 0.750086 0.673097 0.044859 0.072361
2 0.802992 0.690375 0.035891 0.145250
2 0.061984 0.926125 0.123969 0.147750
2 0.304633 0.919111 0.141578 0.139333
4 0.396266 0.671653 0.047938 0.066861
4 0.551117 0.564153 0.021109 0.037528
0 0.442164 0.714694 0.118266 0.247222
0 0.307984 0.611111 0.063156 0.127500
2 0.212070 0.890653 0.132172 0.218694
2 0.740273 0.759389 0.090391 0.206833
4 0.314242 0.712042 0.073297 0.101083
4 0.541406 0.646764 0.035875 0.058639
4 0.342805 0.649319 0.048516 0.060528
4 0.470953 0.561792 0.017625 0.020139
4 0.042844 0.725097 0.083250 0.042806
4 0.284727 0.595236 0.030141 0.046083
4 0.452117 0.565611 0.018828 0.028111
0 0.155141 0.605694 0.074125 0.116667
4 0.252258 0.555792 0.018609 0.031361
0 0.463281 0.669444 0.923438 0.416667
2 0.834375 0.758333 0.168750 0.355556
4 0.389844 0.615278 0.739062 0.236111
