5 0.751648 0.710865 0.103516 0.232646
5 0.834836 0.739344 0.115203 0.246729
5 0.923250 0.768354 0.124875 0.264500
5 0.959773 0.140823 0.053922 0.111271
5 0.913461 0.151865 0.053453 0.095521
5 0.876375 0.146604 0.051500 0.106917
5 0.844320 0.151802 0.055578 0.098479
5 0.985914 0.147396 0.028172 0.100000
5 0.748211 0.169292 0.044141 0.075333
5 0.808922 0.161885 0.044781 0.076563
5 0.777477 0.155167 0.046422 0.096292
5 0.985695 0.850667 0.025703 0.135375
5 0.760961 0.366698 0.089828 0.196313
5 0.700781 0.287500 0.092188 0.325000
