5 0.348781 0.366932 0.007625 0.043185
5 0.369047 0.365351 0.007031 0.040117
5 0.707687 0.381862 0.006906 0.044988
5 0.628602 0.435785 0.013203 0.046417
2 0.251953 0.812131 0.154281 0.356909
2 0.460703 0.660738 0.140094 0.356323
2 0.212359 0.656991 0.100437 0.122600
5 0.343555 0.269461 0.007547 0.046370
5 0.350227 0.265960 0.008109 0.053372
5 0.363172 0.270363 0.007437 0.045082
5 0.362180 0.366194 0.009328 0.046159
5 0.355242 0.366838 0.005703 0.043466
5 0.335023 0.270304 0.006922 0.047073
5 0.356938 0.271007 0.006875 0.042857
5 0.422211 0.454672 0.008109 0.025878
2 0.142320 0.735796 0.091172 0.342881
5 0.342156 0.367834 0.009687 0.043583
5 0.814844 0.418033 0.039062 0.067916
