0 0.878953 0.487938 0.011625 0.026375
0 0.838281 0.479083 0.010500 0.029208
0 0.865578 0.485083 0.013094 0.032125
0 0.760133 0.483000 0.005703 0.012792
0 0.693594 0.481156 0.016188 0.027229
0 0.657102 0.479260 0.011953 0.025396
0 0.626273 0.486115 0.015828 0.023521
0 0.654453 0.493990 0.010656 0.013896
0 0.196891 0.594958 0.012812 0.044750
0 0.219828 0.580354 0.009312 0.030583
0 0.209172 0.576177 0.010063 0.022354
0 0.175555 0.592906 0.016859 0.050188
0 0.186336 0.571083 0.009828 0.015292
0 0.666039 0.481344 0.010078 0.031146
0 0.494531 0.540625 0.748437 0.181250
