2 0.430406 0.827937 0.144531 0.109208
2 0.325000 0.790323 0.098375 0.144104
2 0.735633 0.755500 0.109828 0.198958
2 0.797039 0.605604 0.085828 0.032833
2 0.647508 0.661031 0.092891 0.063979
0 0.869641 0.533073 0.076156 0.095729
2 0.550148 0.838156 0.220047 0.194521
2 0.951594 0.574281 0.044656 0.019979
2 0.817133 0.801229 0.097922 0.278708
0 0.487961 0.882719 0.261109 0.120979
0 0.857805 0.968292 0.193484 0.063417
2 0.882391 0.667875 0.077250 0.128667
2 0.373586 0.743500 0.102172 0.070708
2 0.422523 0.820615 0.141891 0.093771
