0 0.868344 0.724558 0.052125 0.088284
0 0.905437 0.718640 0.028813 0.107400
0 0.568430 0.596516 0.064703 0.099064
0 0.288664 0.767522 0.049109 0.110711
0 0.246688 0.771603 0.043188 0.105529
0 0.286586 0.559211 0.018234 0.026395
0 0.068508 0.646421 0.021547 0.085806
0 0.320273 0.654255 0.052234 0.084211
0 0.407820 0.648484 0.045891 0.040260
0 0.512250 0.652738 0.013719 0.029255
0 0.098805 0.625156 0.020359 0.044870
0 0.737547 0.586256 0.016313 0.030121
0 0.486227 0.655815 0.022453 0.024003
0 0.511719 0.610919 0.426563 0.188908
