0 0.327203 0.607450 0.151000 0.307157
0 0.599719 0.410111 0.131594 0.244335
0 0.712305 0.415050 0.156734 0.386512
0 0.495523 0.370877 0.128422 0.327157
0 0.406656 0.327712 0.095781 0.188770
0 0.290305 0.389063 0.173453 0.319738
0 0.130422 0.485938 0.151531 0.466270
0 0.154453 0.705403 0.257156 0.550444
0 0.471703 0.712026 0.197344 0.527278
0 0.622805 0.705282 0.226859 0.497419
0 0.844844 0.562409 0.169437 0.665262
0 0.797641 0.707863 0.160219 0.422460
7 0.060914 0.398720 0.121828 0.146875
0 0.316039 0.824677 0.221422 0.350645
