0 0.976297 0.908724 0.021844 0.052342
0 0.950180 0.873817 0.027516 0.013864
0 0.982055 0.887447 0.013109 0.029742
2 0.740281 0.909485 0.046500 0.060656
2 0.624078 0.915948 0.051469 0.047588
2 0.636266 0.899450 0.059000 0.052670
2 0.779633 0.920422 0.029766 0.060937
2 0.592391 0.948864 0.101063 0.094215
0 0.812609 0.816347 0.021906 0.048806
2 0.663625 0.828384 0.047531 0.033677
2 0.654477 0.812119 0.046141 0.025972
2 0.894664 0.904133 0.066047 0.053700
2 0.905586 0.887881 0.057766 0.047658
2 0.731734 0.851956 0.037562 0.042693
2 0.693625 0.833618 0.037969 0.031874
2 0.649812 0.746429 0.040625 0.035293
0 0.934969 0.832283 0.017438 0.021007
2 0.548438 0.675644 0.240625 0.278689
