2 0.474211 0.843044 0.215422 0.170398
2 0.737648 0.867412 0.233891 0.260679
2 0.647695 0.807857 0.119953 0.155059
2 0.441992 0.781112 0.185141 0.143677
2 0.256414 0.801276 0.073859 0.180913
2 0.306633 0.484227 0.065328 0.153419
2 0.192336 0.586206 0.085297 0.125714
2 0.368523 0.535925 0.094547 0.060468
0 0.453125 0.600937 0.243750 0.358314
0 0.717969 0.463431 0.121969 0.230562
0 0.946789 0.574157 0.106422 0.779789
0 0.549117 0.460667 0.105516 0.210515
0 0.586109 0.378806 0.091312 0.174801
0 0.814867 0.303923 0.106453 0.152810
0 0.409305 0.421347 0.095953 0.222459
0 0.331562 0.409169 0.084187 0.222037
0 0.174586 0.402037 0.081641 0.135644
5 0.525703 0.566077 0.015813 0.069719
2 0.262703 0.725422 0.105344 0.111171
0 0.673711 0.351464 0.073734 0.136417
0 0.769055 0.287564 0.048672 0.092693
2 0.252391 0.548126 0.065250 0.168759
2 0.364250 0.500187 0.036437 0.028056
2 0.805797 0.478536 0.092000 0.198384
0 0.148680 0.485422 0.119141 0.215761
0 0.692266 0.590445 0.249219 0.314192
5 0.533555 0.548103 0.023484 0.094426
2 0.860328 0.435211 0.040813 0.177541
0 0.382031 0.567916 0.764062 0.667447
