2 0.210422 0.539917 0.039656 0.098375
2 0.879586 0.472187 0.032953 0.054625
2 0.807594 0.482573 0.027406 0.043646
2 0.100992 0.532625 0.034641 0.066125
3 0.213523 0.462490 0.008297 0.017313
3 0.246391 0.449604 0.011656 0.024583
3 0.962953 0.427396 0.027344 0.020333
0 0.668477 0.530083 0.079547 0.265167
0 0.912633 0.475896 0.036359 0.166292
0 0.959695 0.475438 0.042234 0.158208
0 0.279789 0.505698 0.067203 0.186979
0 0.068398 0.464615 0.023641 0.100062
0 0.084500 0.453385 0.018844 0.067271
0 0.186305 0.440990 0.037109 0.073438
0 0.208109 0.456302 0.022437 0.078938
0 0.772000 0.415063 0.008719 0.025583
0 0.107289 0.449521 0.019641 0.080208
0 0.116258 0.466698 0.017047 0.063646
0 0.241398 0.468760 0.022297 0.107354
2 0.780055 0.461052 0.018453 0.029896
2 0.010500 0.501281 0.020375 0.067562
2 0.020125 0.546531 0.028250 0.066562
0 0.046938 0.530000 0.037312 0.114458
0 0.504688 0.478125 0.940625 0.193750
