0 0.084648 0.893604 0.118516 0.187375
0 0.207133 0.798948 0.026641 0.136604
0 0.309758 0.794948 0.028391 0.109312
0 0.592102 0.799385 0.044547 0.118771
0 0.615164 0.789979 0.027609 0.119375
0 0.518430 0.793292 0.037797 0.138625
0 0.490031 0.828635 0.017625 0.054854
0 0.366078 0.808146 0.040781 0.141042
0 0.229000 0.770167 0.018906 0.057958
0 0.794039 0.883427 0.073047 0.233146
0 0.243187 0.771010 0.016219 0.048562
0 0.536188 0.783427 0.036937 0.124437
0 0.291461 0.817833 0.021703 0.073042
0 0.317187 0.783333 0.512500 0.133333
