0 0.280781 0.588150 0.025625 0.083841
0 0.477477 0.963384 0.070672 0.070609
0 0.282719 0.665070 0.017438 0.033700
7 0.356086 0.807307 0.301359 0.202248
7 0.643617 0.699403 0.191453 0.151920
7 0.074969 0.928091 0.149938 0.143817
7 0.030055 0.720714 0.060109 0.119368
7 0.915687 0.568454 0.132187 0.125199
7 0.800523 0.618314 0.156141 0.142717
7 0.846406 0.531979 0.050938 0.063911
7 0.948156 0.414309 0.052062 0.043232
7 0.271820 0.696288 0.263578 0.153091
7 0.972187 0.528993 0.024625 0.071101
7 0.852180 0.485761 0.061984 0.039204
7 0.898320 0.397260 0.034484 0.042295
