5 0.478750 0.051215 0.021906 0.084252
5 0.499086 0.036437 0.023328 0.072734
5 0.541141 0.048470 0.023688 0.096939
5 0.523797 0.048154 0.028344 0.095561
5 0.222961 0.026005 0.031391 0.051869
5 0.387031 0.036063 0.033187 0.069182
5 0.020148 0.329790 0.027016 0.072009
5 0.615555 0.052348 0.026422 0.104696
5 0.055586 0.386647 0.021266 0.046893
5 0.597664 0.063738 0.022359 0.080841
5 0.270992 0.026986 0.020203 0.053972
5 0.301133 0.030748 0.022047 0.061495
5 0.329008 0.029661 0.023328 0.057500
5 0.319531 0.220794 0.348438 0.441589
