5 0.635133 0.646491 0.018453 0.093357
5 0.522891 0.514695 0.013344 0.063146
5 0.456297 0.180505 0.014219 0.052887
5 0.479906 0.180070 0.012438 0.047606
5 0.645977 0.140610 0.014578 0.048028
5 0.441922 0.169624 0.010594 0.061221
5 0.651883 0.656643 0.015672 0.073427
5 0.382688 0.508650 0.021531 0.065329
5 0.547742 0.176068 0.011891 0.039038
5 0.563078 0.169225 0.014094 0.043286
2 0.868602 0.625516 0.070453 0.153239
2 0.869195 0.542347 0.039984 0.041878
2 0.844297 0.550998 0.032875 0.028944
5 0.468211 0.181667 0.012203 0.042066
2 0.947367 0.666209 0.105109 0.225469
2 0.821227 0.620387 0.026016 0.056221
2 0.838031 0.808474 0.075281 0.288685
5 0.629687 0.400235 0.137500 0.575117
