2 0.296867 0.537740 0.054328 0.087688
2 0.165250 0.687604 0.065469 0.103333
0 0.519711 0.525854 0.072484 0.253750
0 0.245484 0.645188 0.049438 0.259500
0 0.415945 0.385240 0.076297 0.270479
0 0.344555 0.497208 0.055016 0.243417
0 0.042766 0.729219 0.070312 0.378771
0 0.300063 0.075958 0.034281 0.049292
0 0.246914 0.094375 0.032016 0.067417
0 0.076820 0.102760 0.030016 0.068979
0 0.183453 0.115552 0.036469 0.046021
0 0.633398 0.027969 0.034484 0.045979
2 0.376648 0.427729 0.046516 0.078958
2 0.015523 0.096437 0.018766 0.039583
0 0.770227 0.950562 0.138203 0.071917
0 0.210297 0.965344 0.182750 0.069313
0 0.912891 0.822542 0.174219 0.323833
0 0.439844 0.142708 0.879687 0.285417
