0 0.198555 0.508333 0.396578 0.982625
0 0.331648 0.152229 0.036297 0.177458
0 0.365828 0.153948 0.026031 0.146271
0 0.400406 0.117667 0.032156 0.074000
0 0.454195 0.133292 0.024266 0.109417
0 0.475195 0.139937 0.022328 0.105792
0 0.504242 0.141687 0.012953 0.040042
0 0.515672 0.138542 0.027031 0.110917
0 0.535305 0.141156 0.017516 0.066729
0 0.948531 0.154115 0.030000 0.134104
0 0.427125 0.131542 0.012781 0.045125
0 0.602992 0.148521 0.039641 0.065500
0 0.491437 0.146562 0.012531 0.045083
0 0.485937 0.130208 0.928125 0.143750
