7 0.280700 0.896486 0.039320 0.034955
7 0.295950 0.952508 0.048580 0.057447
7 0.590420 0.921922 0.036520 0.043243
7 0.553820 0.774760 0.017680 0.024715
7 0.535980 0.955105 0.042040 0.064505
7 0.330300 0.913183 0.039960 0.038078
7 0.343330 0.834039 0.033740 0.029099
7 0.380290 0.796817 0.021580 0.024324
7 0.405570 0.896051 0.028500 0.050420
7 0.534710 0.906967 0.034020 0.031892
7 0.602650 0.765075 0.017100 0.022583
7 0.224860 0.962838 0.048120 0.052462
7 0.594210 0.958453 0.039780 0.057147
7 0.522000 0.779279 0.364000 0.435435
