0 0.798120 0.597756 0.015200 0.073584
0 0.776950 0.528223 0.015620 0.058072
0 0.794630 0.444247 0.013300 0.044277
0 0.781910 0.446431 0.011620 0.039066
0 0.646010 0.429548 0.009620 0.035663
0 0.887760 0.573328 0.016920 0.077259
0 0.805320 0.440723 0.011080 0.051566
0 0.717280 0.417169 0.007920 0.042892
0 0.696470 0.435919 0.013300 0.026416
7 0.323360 0.716054 0.085680 0.112892
7 0.197390 0.650602 0.097500 0.108193
7 0.376770 0.634036 0.075340 0.087048
0 0.621620 0.424639 0.013520 0.042831
0 0.608390 0.450843 0.013460 0.039639
7 0.465110 0.893855 0.100220 0.186325
7 0.515920 0.522108 0.040880 0.060301
7 0.504010 0.386581 0.042940 0.027982
7 0.446410 0.565919 0.053980 0.069367
7 0.319710 0.582726 0.072140 0.074066
7 0.677010 0.460602 0.043100 0.045060
7 0.655730 0.479880 0.046540 0.057530
7 0.683030 0.518630 0.041980 0.032982
0 0.591710 0.414142 0.008260 0.016596
7 0.719820 0.474669 0.047560 0.046928
3 0.564860 0.761446 0.022960 0.041747
3 0.511340 0.751807 0.013800 0.027590
0 0.603330 0.439910 0.007700 0.036024
7 0.518880 0.745301 0.080760 0.132530
0 0.438000 0.637048 0.648000 0.430723
7 0.497000 0.418675 0.590000 0.253012
