0 0.542400 0.525843 0.231280 0.683133
0 0.191740 0.603373 0.192480 0.608976
0 0.279940 0.463479 0.090200 0.187199
0 0.850130 0.351024 0.056140 0.130361
0 0.450140 0.353057 0.040800 0.092500
0 0.414480 0.387003 0.105600 0.156837
0 0.434500 0.362741 0.052080 0.099819
3 0.147470 0.500241 0.079820 0.238494
8 0.090890 0.558163 0.146540 0.456205
8 0.344170 0.580843 0.254260 0.356446
2 0.355130 0.422319 0.035980 0.082590
8 0.858510 0.552560 0.282780 0.437651
8 0.368840 0.545783 0.066800 0.072711
8 0.641350 0.632937 0.035940 0.192922
8 0.908100 0.649940 0.045560 0.133133
8 0.035850 0.666611 0.068900 0.172922
8 0.586260 0.631687 0.119000 0.193675
8 0.044100 0.506762 0.087200 0.097861
