7 0.357609 0.509687 0.140844 0.100750
7 0.477383 0.501323 0.053734 0.072271
7 0.183141 0.509302 0.055906 0.078688
0 0.275336 0.730854 0.135141 0.513500
0 0.580883 0.691490 0.095391 0.409604
0 0.820781 0.646500 0.101125 0.467417
0 0.736219 0.511135 0.033000 0.123896
0 0.781148 0.480604 0.023641 0.070583
0 0.532086 0.525594 0.042547 0.171187
0 0.438891 0.515167 0.038906 0.136458
0 0.895117 0.476906 0.009953 0.060479
3 0.867289 0.560042 0.109109 0.167042
0 0.350680 0.518469 0.021203 0.120937
7 0.054969 0.585031 0.109937 0.117438
7 0.699602 0.478510 0.035203 0.029813
7 0.876734 0.471708 0.014531 0.034542
7 0.106016 0.513823 0.147000 0.081521
7 0.220719 0.516729 0.050000 0.072208
7 0.460539 0.478135 0.031547 0.032271
7 0.976000 0.527813 0.047563 0.069083
5 0.544602 0.574729 0.008891 0.029458
7 0.765961 0.470688 0.024047 0.024625
