5 0.470164 0.578713 0.020703 0.085962
5 0.565148 0.542835 0.019922 0.083075
0 0.461234 0.462908 0.114437 0.191339
0 0.606250 0.475282 0.142656 0.155544
0 0.944664 0.772803 0.110672 0.433347
0 0.334516 0.770900 0.226969 0.458201
0 0.100875 0.708577 0.144625 0.432176
0 0.391062 0.492134 0.228250 0.238201
2 0.770914 0.509864 0.104047 0.128096
2 0.882187 0.541402 0.102281 0.219121
2 0.939492 0.572824 0.096422 0.173138
2 0.234445 0.592929 0.090422 0.190586
2 0.137344 0.930042 0.137344 0.139916
2 0.286047 0.503023 0.075063 0.111611
2 0.161273 0.635063 0.072422 0.136360
2 0.541875 0.430105 0.091094 0.161339
2 0.535664 0.380397 0.071891 0.098787
2 0.037641 0.841935 0.071313 0.305586
2 0.274859 0.401778 0.088563 0.109623
2 0.342055 0.341695 0.047609 0.046151
0 0.982992 0.531318 0.034016 0.095858
0 0.018836 0.414519 0.037672 0.263264
2 0.519023 0.291297 0.051141 0.161967
0 0.525008 0.789268 0.257859 0.421464
0 0.788687 0.768232 0.293687 0.440105
2 0.642188 0.652720 0.675000 0.690377
