0 0.080120 0.840270 0.055120 0.317958
0 0.550500 0.676336 0.024520 0.068288
0 0.112610 0.610420 0.016060 0.055135
0 0.324530 0.621757 0.014740 0.061712
0 0.440920 0.606471 0.010320 0.049099
0 0.058670 0.606697 0.007940 0.036637
0 0.462130 0.595285 0.011620 0.053213
0 0.487190 0.591276 0.011420 0.049640
0 0.572730 0.652718 0.020100 0.066817
0 0.472970 0.595375 0.010820 0.044444
0 0.433260 0.593664 0.010440 0.046306
0 0.695920 0.700886 0.018760 0.035586
0 0.023600 0.855330 0.047200 0.289339
0 0.093000 0.579580 0.182000 0.066066
