0 0.264953 0.761604 0.039938 0.134875
0 0.382648 0.799323 0.062391 0.092188
0 0.707937 0.856698 0.086906 0.161646
0 0.970266 0.822948 0.052031 0.250854
0 0.465367 0.787083 0.025859 0.123583
0 0.776977 0.693688 0.009203 0.052417
0 0.720945 0.694813 0.016016 0.055042
0 0.626586 0.702927 0.016484 0.048729
0 0.248281 0.706260 0.008625 0.049313
0 0.916625 0.683667 0.010063 0.058708
7 0.817656 0.662292 0.029625 0.020833
7 0.855852 0.652260 0.036703 0.022562
7 0.910984 0.654615 0.042812 0.017104
0 0.447781 0.779635 0.059313 0.179521
0 0.932586 0.701583 0.026797 0.080500
7 0.917398 0.643750 0.017641 0.010292
7 0.991805 0.653115 0.016328 0.015063
7 0.930797 0.651906 0.020344 0.014937
7 0.942992 0.650854 0.021422 0.015875
7 0.968539 0.654760 0.019922 0.010854
0 0.741352 0.678177 0.017234 0.022562
0 0.478906 0.722917 0.954688 0.162500
