7 0.855570 0.606987 0.123300 0.130613
7 0.759320 0.847480 0.272960 0.305040
7 0.687640 0.918720 0.350560 0.134827
0 0.433480 0.751347 0.060280 0.285947
0 0.285530 0.722960 0.042780 0.195947
0 0.261450 0.831480 0.051340 0.286587
0 0.016820 0.695467 0.033000 0.132267
0 0.150000 0.851693 0.117960 0.292133
0 0.187500 0.550987 0.015960 0.059467
0 0.151530 0.589787 0.047340 0.079947
0 0.047650 0.887720 0.095300 0.224560
0 0.213170 0.475173 0.017540 0.043573
0 0.053380 0.672080 0.055560 0.121387
7 0.890060 0.664253 0.054240 0.146320
0 0.082370 0.647013 0.045020 0.129707
0 0.234010 0.524827 0.018100 0.053493
0 0.245010 0.523493 0.007020 0.043893
0 0.521000 0.652000 0.906000 0.552000
