8 0.675510 0.838656 0.100354 0.115437
8 0.959937 0.876562 0.062583 0.092812
7 0.844708 0.764703 0.111583 0.047563
7 0.714875 0.767281 0.070542 0.047781
7 0.575417 0.749453 0.044000 0.025531
8 0.544604 0.781609 0.026125 0.052500
8 0.617344 0.815102 0.049396 0.075078
0 0.668667 0.791125 0.085208 0.153906
0 0.562458 0.754461 0.015500 0.032297
0 0.541531 0.767000 0.031896 0.071188
0 0.383958 0.865219 0.075625 0.263719
0 0.248406 0.873141 0.121063 0.249688
0 0.177885 0.765250 0.048646 0.076625
8 0.161240 0.808516 0.082271 0.057594
7 0.549521 0.738719 0.043333 0.023187
7 0.493104 0.742367 0.014458 0.022391
0 0.078948 0.872727 0.127062 0.254547
0 0.606302 0.784672 0.043479 0.118156
0 0.976583 0.812062 0.046833 0.194188
0 0.288094 0.761664 0.043896 0.050266
0 0.025771 0.834813 0.051542 0.203281
0 0.375906 0.761789 0.033854 0.044609
0 0.136177 0.734531 0.025104 0.021500
0 0.490625 0.771875 0.889583 0.096875
