0 0.953086 0.453931 0.093547 0.305639
0 0.344148 0.546458 0.315828 0.418639
0 0.539789 0.312111 0.153359 0.227556
0 0.778516 0.218750 0.098656 0.218278
0 0.316063 0.239292 0.079500 0.076139
0 0.574172 0.781792 0.469500 0.436417
0 0.105773 0.068194 0.038797 0.075778
0 0.095141 0.099819 0.063281 0.093583
3 0.358922 0.311736 0.065875 0.096806
2 0.810031 0.356875 0.168781 0.352750
2 0.232586 0.700000 0.146641 0.577556
2 0.667664 0.339500 0.115391 0.284889
2 0.371047 0.842500 0.264062 0.315000
2 0.302914 0.397694 0.200328 0.325500
2 0.820180 0.121167 0.087453 0.115444
2 0.936414 0.560056 0.127172 0.249167
2 0.508656 0.439194 0.209031 0.290556
0 0.828273 0.047667 0.021109 0.032556
2 0.922750 0.246125 0.104375 0.273194
2 0.296687 0.243069 0.132594 0.206750
0 0.247687 0.136778 0.051000 0.190056
2 0.422336 0.208847 0.124234 0.122694
2 0.764109 0.118944 0.051750 0.120333
0 0.562617 0.021903 0.044141 0.043806
0 0.941789 0.061806 0.055078 0.046278
0 0.668797 0.269639 0.126719 0.224722
0 0.464062 0.125000 0.915625 0.250000
