0 0.360266 0.653463 0.198125 0.671136
0 0.510070 0.641898 0.161328 0.716205
0 0.644555 0.634834 0.163516 0.703352
0 0.941383 0.620180 0.117234 0.515706
0 0.067031 0.646856 0.134063 0.683850
0 0.294773 0.457936 0.066266 0.161191
5 0.162742 0.270083 0.014734 0.103213
5 0.417469 0.287091 0.011813 0.054848
5 0.207672 0.275360 0.016750 0.102410
5 0.337188 0.288324 0.011531 0.097978
5 0.263523 0.281856 0.016547 0.099945
5 0.234992 0.284377 0.019484 0.090083
5 0.191937 0.273393 0.017250 0.104349
5 0.302047 0.293615 0.012844 0.080416
5 0.382039 0.297341 0.012578 0.084709
5 0.277062 0.281967 0.009687 0.092133
5 0.290523 0.286025 0.016109 0.093989
5 0.327172 0.290512 0.012969 0.092271
2 0.169445 0.946150 0.083953 0.096288
0 0.233922 0.426870 0.028500 0.049695
0 0.196922 0.416413 0.051156 0.074654
0 0.905836 0.447798 0.045766 0.093934
5 0.349742 0.290429 0.012734 0.093490
0 0.100234 0.389294 0.132406 0.296260
0 0.275781 0.445956 0.040125 0.132632
5 0.218750 0.339335 0.437500 0.285319
