7 0.508219 0.576983 0.056031 0.050261
7 0.606469 0.579715 0.048500 0.086651
7 0.739766 0.587957 0.050719 0.080618
0 0.657453 0.672257 0.084656 0.406793
0 0.344133 0.677447 0.094047 0.372090
0 0.098930 0.625000 0.041453 0.272708
0 0.900367 0.637162 0.054891 0.234941
0 0.190258 0.555534 0.021234 0.059382
0 0.445156 0.551283 0.028281 0.079620
3 0.350938 0.636948 0.040281 0.063492
3 0.069117 0.576639 0.029703 0.069620
7 0.948945 0.579276 0.099922 0.130333
7 0.843734 0.587542 0.075531 0.091425
7 0.993328 0.593242 0.013344 0.102447
0 0.115547 0.569002 0.023563 0.111259
7 0.150891 0.550428 0.024563 0.036580
7 0.285227 0.563397 0.022984 0.025511
2 0.209156 0.675012 0.033437 0.089406
0 0.167344 0.555986 0.022219 0.059240
2 0.253469 0.623990 0.007062 0.024418
2 0.027594 0.661461 0.046812 0.087530
0 0.412641 0.693789 0.064469 0.313515
7 0.254328 0.578052 0.018875 0.033492
7 0.274305 0.574846 0.015797 0.025653
