5 0.516234 0.919760 0.020375 0.064793
0 0.120445 0.776656 0.132141 0.386340
0 0.252359 0.829891 0.157187 0.311852
0 0.791141 0.531645 0.095437 0.348431
0 0.656078 0.819575 0.281781 0.359804
0 0.829203 0.797745 0.207906 0.319107
0 0.906250 0.535675 0.155219 0.414009
0 0.506859 0.588769 0.120875 0.530349
0 0.183656 0.577484 0.115094 0.427952
0 0.297930 0.578137 0.114016 0.427037
0 0.392437 0.548312 0.091875 0.422462
0 0.705883 0.610359 0.113078 0.448214
0 0.609211 0.543813 0.096703 0.426972
0 0.388773 0.827288 0.317766 0.344553
