0 0.268404 0.602242 0.367981 0.584266
0 0.255587 0.301125 0.180047 0.134688
0 0.541350 0.648813 0.202840 0.190500
0 0.525599 0.368391 0.167723 0.254906
0 0.864847 0.498664 0.266268 0.402797
0 0.712207 0.706609 0.260610 0.210531
0 0.068063 0.477570 0.136127 0.313766
0 0.526185 0.580773 0.243404 0.297016
0 0.213873 0.328102 0.164085 0.310078
0 0.487829 0.191078 0.022840 0.037781
0 0.058439 0.851664 0.113028 0.296672
2 0.937993 0.836328 0.124014 0.188062
0 0.833028 0.766445 0.333944 0.116828
2 0.097418 0.488273 0.062582 0.213516
