0 0.803930 0.960052 0.006016 0.022104
7 0.629266 0.973698 0.033719 0.014146
7 0.454852 0.982688 0.028266 0.010500
7 0.981930 0.954052 0.032203 0.017062
7 0.557391 0.977854 0.027094 0.010417
7 0.785773 0.964562 0.032891 0.013958
7 0.823461 0.961750 0.030172 0.016375
7 0.707070 0.968708 0.019797 0.015375
7 0.593969 0.971417 0.035625 0.015583
7 0.740273 0.967594 0.035391 0.012937
7 0.947703 0.956281 0.037719 0.015479
7 0.883539 0.957229 0.036672 0.019125
7 0.421945 0.984500 0.024359 0.010833
7 0.445258 0.980969 0.023984 0.016354
