3 0.877242 0.710115 0.065734 0.107854
3 0.685250 0.618125 0.052187 0.103375
3 0.743609 0.588417 0.038719 0.083250
0 0.353461 0.559958 0.054297 0.198417
0 0.390984 0.570906 0.063250 0.224062
0 0.687203 0.672635 0.090969 0.294562
0 0.461273 0.490708 0.036391 0.137125
0 0.496625 0.499396 0.023531 0.126875
0 0.733164 0.605344 0.063828 0.225938
0 0.767133 0.569021 0.055984 0.207750
0 0.848148 0.555312 0.054297 0.143792
0 0.607477 0.496208 0.045609 0.137750
3 0.406820 0.529646 0.039328 0.065917
3 0.857234 0.545615 0.022406 0.035771
3 0.610078 0.470792 0.019437 0.052083
3 0.502656 0.467385 0.025500 0.050021
3 0.470336 0.465427 0.019391 0.047021
3 0.464789 0.430615 0.010766 0.019771
3 0.333336 0.418333 0.013484 0.022750
3 0.912891 0.648604 0.038812 0.088625
0 0.850281 0.771917 0.123031 0.433708
0 0.393594 0.436240 0.026031 0.052062
0 0.984492 0.665427 0.031016 0.104354
3 0.441727 0.420833 0.009953 0.018417
0 0.418602 0.520365 0.030984 0.116812
3 0.299898 0.407729 0.008766 0.008500
0 0.627344 0.503125 0.742188 0.256250
3 0.379688 0.412500 0.018750 0.025000
