0 0.374249 0.905560 0.243634 0.188880
0 0.504234 0.824580 0.106607 0.167800
0 0.060465 0.867210 0.114204 0.261940
0 0.631021 0.827350 0.164144 0.240180
0 0.750706 0.811150 0.065676 0.158900
0 0.822132 0.817580 0.064565 0.147360
0 0.216847 0.779010 0.058438 0.091660
0 0.088003 0.763460 0.053784 0.073640
0 0.137988 0.789350 0.079219 0.150220
0 0.963604 0.713490 0.052252 0.052180
3 0.934489 0.782110 0.046036 0.041740
0 0.574189 0.924740 0.195886 0.150520
0 0.268964 0.859310 0.164535 0.262620
3 0.750586 0.788140 0.053183 0.066440
0 0.893949 0.847300 0.091802 0.259920
0 0.500000 0.763000 0.993994 0.434000
