0 0.797320 0.560741 0.087453 0.123600
0 0.402766 0.509576 0.092406 0.143294
0 0.284695 0.504212 0.069672 0.134965
0 0.225898 0.498812 0.037672 0.058706
0 0.144039 0.479718 0.038953 0.101459
0 0.126680 0.499576 0.046047 0.079435
0 0.450422 0.511318 0.044562 0.059388
0 0.539188 0.731424 0.221531 0.315788
0 0.322742 0.516153 0.031828 0.060824
0 0.386188 0.398776 0.009750 0.032894
0 0.601336 0.399576 0.036078 0.082824
0 0.257586 0.501318 0.022266 0.038635
0 0.350484 0.502741 0.018156 0.034800
0 0.893750 0.338824 0.050000 0.249412
