2 0.092344 0.747002 0.184688 0.478548
2 0.778867 0.737119 0.183266 0.431335
2 0.629883 0.643138 0.125953 0.357892
2 0.486266 0.537459 0.068062 0.189859
2 0.211516 0.580059 0.097156 0.273185
4 0.478273 0.750562 0.188922 0.161780
0 0.247078 0.388536 0.054906 0.114309
0 0.156609 0.429578 0.065625 0.203279
5 0.614984 0.419988 0.019531 0.076698
2 0.944539 0.760679 0.110922 0.393255
2 0.019336 0.484040 0.038672 0.109485
2 0.686742 0.402705 0.014453 0.023489
0 0.323906 0.461452 0.130500 0.250867
0 0.937047 0.441569 0.125906 0.173021
0 0.661805 0.576768 0.134953 0.450539
0 0.513805 0.373700 0.035359 0.091944
0 0.826109 0.633712 0.194906 0.543817
0 0.850289 0.425059 0.073203 0.167541
0 0.733086 0.272037 0.098328 0.148759
0 0.527984 0.543208 0.126844 0.350632
0 0.196687 0.444590 0.068125 0.143232
0 0.549008 0.364344 0.043016 0.104520
2 0.444109 0.502553 0.051250 0.155878
2 0.717445 0.424672 0.062391 0.059742
0 0.765008 0.405492 0.078297 0.157869
5 0.560203 0.397213 0.016063 0.060984
5 0.337297 0.399859 0.016344 0.050773
0 0.360938 0.482436 0.681250 0.463700
